2
4
5
10
12
15
17
19
33
35
58
62
68
71
73
78
82
97
99
100
102
106
109
110
112
126
133
136
140
143
147
151
165
168
177
184
188
191
204
205
206
211
212
217
220
232
240
248
249
254
258
265
266
277
285
286
288
295
298
302
303
307
309
314
325
326
330
343
347
353
357
361
363
367
372
382
388
390
392
399
404
406
410
411
413
414
417
421
427
447
448
462
464
468
469
476
479
480
485
486
493
507
516
525
542
545
550
553
558
567
571
574
585
587
589
591
593
598
602
618
622
629
642
643
661
662
671
683
684
685
688
691
697
698
701
710
712
725
728
736
737
742
746
757
762
770
782
796
812
823
824
837
840
844
855
856
860
861
871
877
882
885
893
900
901
912
916
918
927
931
937
942
943
951
954
955
961
965
968
971
973
991
1008
1010
1011
1012
1018
1021
1035
1046
1047
1053
1059
1063
1079
1080
1083
1099
1104
1126
1132
1155
1156
1164
1167
1172
1177
1178
1180
1181
1184
1191
1194
1197
1199
1206
1209
1211
1220
1221
1224
1226
1232
1233
1234
1236
1238
1249
1250
1251
1254
1256
1280
1286
1291
1299
1307
1316
1321
1323
1344
1358
1361
1362
1364
1365
1367
1370
1376
1377
1379
1380
1391
1393
1394
1396
1398
1409
1410
1413
1418
1420
1427
1428
1436
1437
1443
1445
1457
1458
1459
1464
1467
1473
1479
1482
1483
1488
1496
1501
1505
1506
1514
1519
1521
1524
1532
1533
1534
1535
1538
1543
1551
1553
1554
1557
1564
1567
1568
1571
1573
1574
1575
1580
1586
1591
1595
1596
1599
1604
1605
1606
1608
1615
1619
1620
1623
1624
1631
1636
1641
1655
1656
1668
1671
1673
1675
1682
1686
1688
1692
1693
1700
1704
1706
1718
1721
1726
1736
1738
1752
1762
1765
1774
1797
1799
1803
1812
1814
1815
1826
1842
1850
1853
1860
1862
1863
1871
1872
1877
1891
1892
1898
1900
1901
1902
1904
1906
1911
1917
1928
1930
1935
1936
1937
1943
1957
1963
1971
1993
1998
2006
2010
2013
2014
2030
2047
2051
2055
2059
2064
2070
2074
2076
2078
2079
2081
2082
2094
2097
2103
2106
2107
2114
2116
2117
2121
2124
2130
2133
2135
2140
2143
2147
2149
2150
2161
2162
2169
2173
2175
2187
2192
2196
2207
2208
2222
2231
2239
2242
2248
2249
2250
2253
2257
2259
2266
2270
2273
2279
2305
2309
2321
2327
2330
2332
2334
2336
2341
2344
2345
2347
2348
2350
2352
2353
2357
2363
2379
2391
2398
2400
2401
2412
2417
2419
2421
2427
2442
2443
2447
2448
2454
2458
2464
2465
2475
2479
2480
2490
2505
2515
2522
2523
2530
2553
2554
2556
2560
2564
2576
2579
2583
2588
2602
2624
2632
2639
2641
2642
2645
2648
2652
2657
2675
2685
2711
2714
2717
2721
2734
2737
2738
2743
2764
2776
2782
2785
2790
2791
2793
2794
2796
2803
2805
2808
2818
2832
2836
2840
2842
2844
2845
2849
2855
2858
2868
2877
2878
2889
2890
2900
2902
2909
2918
2929
2933
2946
2949
2957
2963
2966
2967
2969
2975
2977
2982
2986
2988
3000
3001
3016
3017
3018
3024
3035
3037
3041
3043
3045
3046
3050
3072
3078
3085
3098
3104
3115
3116
3123
3125
3126
3127
3128
3131
3137
3140
3141
3146
3166
3169
3172
3173
3176
3177
3180
3184
3185
3208
3214
3219
3220
3233
3243
3254
3258
3262
3267
3270
3271
3272
3273
3284
3290
3291
3295
3301
3304
3314
3319
3338
3339
3352
3353
3357
3359
3378
3380
3381
3382
3386
3391
3411
3414
3420
3421
3428
3435
3446
3447
3454
3455
3457
3461
3468
3492
3498
3501
3508
3510
3511
3514
3516
3527
3541
3545
3558
3565
3576
3586
3588
3596
3611
3615
3616
3617
3623
3628
3629
3634
3635
3645
3650
3656
3661
3662
3677
3679
3683
3692
3700
3702
3734
3736
3738
3758
3770
3779
3781
3784
3792
3795
3801
3802
3806
3808
3809
3817
3818
3826
3829
3834
3835
3841
3855
3857
3858
3865
3868
3870
3876
3890
3892
3898
3900
3904
3908
3911
3921
3922
3924
3939
3941
3960
3961
3967
3968
3969
3972
3981
3989
4000
4001
4003
4015
4023
4026
4029
4030
4036
4037
4040
4042
4047
4053
4082
4083
4101
4102
4106
4108
4120
4139
4145
4147
4148
4149
4150
4151
4154
4156
4161
4166
4168
4177
4190
4197
4209
4214
4217
4219
4220
4229
4234
4242
4243
4246
4253
4257
4258
4259
4266
4267
4269
4272
4273
4293
4298
4300
4301
4303
4306
4308
4309
4310
4314
4316
4320
4329
4332
