10
32
34
36
37
43
44
45
49
50
57
63
68
70
82
95
96
103
112
117
120
140
141
142
165
170
171
172
178
179
192
194
208
228
237
239
241
253
274
276
283
297
301
311
338
360
373
384
391
392
400
402
404
405
413
415
416
421
430
433
436
438
441
446
450
462
478
487
502
503
504
507
511
515
522
524
525
533
541
552
570
583
585
586
595
597
598
603
619
621
623
624
629
636
640
642
651
657
662
663
666
671
679
689
694
697
704
709
717
730
737
753
754
757
758
764
765
770
771
772
775
777
779
781
787
794
814
817
819
828
829
843
846
849
861
875
892
896
910
933
936
944
949
962
963
964
983
985
987
996
997
1000
1004
1007
1014
1029
1041
1044
1045
1063
1064
1066
1068
1069
1078
1082
1101
1102
1119
1138
1149
1152
1159
1161
1177
1186
1210
1216
1222
1224
1235
1254
1259
1261
1265
1268
1269
1271
1311
1315
1318
1320
1321
1323
1327
1328
1331
1344
1361
1371
1376
1377
1394
1407
1411
1417
1432
1436
1438
1443
1448
1450
1470
1471
1493
1494
1500
1501
1506
1510
1512
1528
1529
1538
1569
1572
1578
1586
1587
1590
1592
1598
1601
1614
1620
1624
1625
1626
1639
1643
1646
1652
1663
1670
1680
1682
1703
1707
1710
1721
1726
1788
1809
1816
1817
1830
1843
1854
1865
1870
1884
1906
1908
1909
1927
1932
1933
1934
1950
1955
1969
1981
1982
1985
2001
2022
2026
2041
2044
2049
2062
2070
2090
2092
2094
2096
2114
2118
2121
2124
2139
2142
2153
2155
2156
2158
2159
2163
2180
2183
2186
2207
2218
2230
2237
2239
2256
2257
2309
2320
2323
2328
2331
2333
2335
2336
2343
2350
2364
2382
2385
2394
2411
2421
2425
2438
2443
2445
2475
2478
2482
2484
2485
2496
2506
2561
2579
2580
2582
2606
2607
2619
2642
2647
2648
2649
2660
2665
2672
2702
2712
2720
2723
2737
2740
2760
2775
2791
2792
2796
2798
2800
2805
2825
2836
2842
2845
2847
2854
2859
2865
2867
2874
2875
2878
2884
2889
2895
2898
2901
2906
2907
2911
2916
2917
2924
2929
2942
2960
2964
2971
2981
2993
2996
3018
3029
3048
3066
3081
3082
3087
3092
3094
3110
3125
3146
3160
3162
3172
3183
3184
3185
3193
3249
3262
3263
3291
3314
3315
3316
3319
3322
3323
3324
3325
3327
3328
3345
3348
3360
3376
3379
3380
3383
3387
3409
3415
3437
3452
3453
3471
3472
3481
3484
3502
3507
3511
3516
3518
3567
3569
3577
3582
3592
3603
3613
3617
3638
3641
3642
3643
3647
3670
3685
3688
3691
3694
3702
3711
3713
3723
3727
3737
3738
3740
3745
3746
3759
3762
3770
3782
3783
3804
3808
3820
3825
3838
3839
3850
3853
3863
3868
3878
3900
3915
3919
3921
3930
3942
3945
3946
3957
3963
3965
3966
3978
3995
4007
4009
4012
4015
4016
4033
4034
4040
4041
4051
4057
4065
4079
4087
4113
4116
4118
4120
4121
4126
4129
4131
4132
4142
4146
4150
4159
4161
4169
4176
4178
4207
4216
4228
4234
4241
4243
4247
4257
4270
4279
4287
4294
4297
4302
4303
4312
4314
4316
4328
4330
4335
4342
4349
4365
4381
4397
4403
4414
4424
4427
4429
4430
4434
4442
4447
4451
4466
4480
4483
4488
4492
4499
4504
4508
4521
4527
4529
4541
4543
4567
4570
4574
4588
4600
4604
4605
4607
4630
4633
4657
4678
4685
4697
4701
4711
4714
4720
4725
4731
4732
4736
4764
4786
4803
4824
4829
4830
4838
4842
4845
4849
4864
4871
4877
4884
4888
4900
4924
4929
4930
4943
4958
4968
4996
5000
5011
5013
5017
5022
5030
5034
5042
5050
5055
5085
5105
5108
5116
5121
5127
5128
5133
5139
5153
5161
5164
5169
5181
5184
5197
5208
5214
5220
5225
5235
5237
5243
5244
5263
5272
5282
5291
5303
5314
5315
5321
5332
5350
5351
5353
5362
5380
5382
5400
5402
5415
5427
5435
5438
5439
5454
5455
5459
5462
5464
5466
5472
5498
5499
5504
5507
5524
5530
5542
5544
5550
5560
5583
5603
5609
5611
5612
5647
5648
5651
5656
5669
5671
5675
5677
5678
5682
5691
5721
5727
5730
5747
5775
5827
5832
5841
5842
5845
5857
5862
5871
5874
5877
5882
5891
5898
5911
5921
5925
5930
5933
5941
5946
5948
5951
5952
5954
5957
5960
6008
6013
6020
6024
6026
6037
6038
6044
6049
6053
6058
6060
6101
6111
6125
6128
6139
6142
6147
6157
6165
6181
6182
6188
6189
6192
6201
6203
6222
6223
6236
6244
6248
6260
6265
6271
6273
6274
6297
6302
6307
6316
6317
6319
6321
6323
6328
6336
