3
6
8
9
20
22
25
26
29
30
31
33
34
36
45
50
60
61
63
65
66
67
72
74
78
80
81
84
98
102
104
108
110
111
114
115
116
119
122
124
125
128
134
136
137
138
141
142
143
148
153
154
155
161
169
170
172
177
180
181
183
184
185
186
188
189
194
195
196
200
202
212
213
216
217
219
221
222
224
227
232
233
235
241
243
244
246
256
262
263
267
269
270
274
285
286
287
288
297
298
305
307
311
313
314
315
319
321
322
326
329
330
333
336
339
341
342
343
344
347
352
354
355
359
363
366
367
369
373
374
376
377
378
383
392
393
401
405
406
415
416
424
427
430
434
439
444
445
446
449
453
456
458
459
464
466
470
472
477
478
479
484
486
491
492
498
501
505
506
509
512
513
514
515
518
521
528
533
535
541
544
547
549
550
552
553
557
561
563
566
567
568
575
576
578
581
587
590
591
593
596
599
600
617
619
620
624
630
631
634
635
637
644
645
648
652
653
655
659
661
663
665
673
676
678
680
687
688
698
701
702
710
714
715
717
718
720
721
723
729
730
734
736
738
747
755
759
762
763
770
771
776
778
782
787
789
796
806
807
812
813
815
816
824
826
828
830
833
835
838
847
848
855
857
862
865
873
874
875
878
879
888
897
898
900
906
908
913
914
916
921
922
925
933
934
937
938
941
942
953
956
960
973
979
984
986
987
990
994
1001
1002
1005
1008
1009
1011
1012
1013
1017
1020
1022
1023
1025
1026
1029
1032
1033
1035
1042
1044
1045
1053
1057
1058
1059
1062
1069
1070
1071
1076
1077
1081
1084
1086
1088
1090
1094
1096
1100
1102
1103
1106
1109
1111
1113
1116
1118
1120
1124
1127
1129
1131
1132
1135
1136
1139
1141
1142
1143
1145
1147
1148
1151
1152
1155
1158
1160
1161
1164
1172
1173
1174
1178
1180
1185
1186
1193
1198
1202
1203
1204
1206
1208
1210
1220
1222
1225
1229
1230
1243
1247
1250
1251
1253
1254
1259
1261
1262
1264
1265
1268
1272
1280
1282
1285
1286
1295
1296
1300
1301
1302
1304
1306
1307
1309
1313
1314
1321
1326
1327
1330
1332
1333
1339
1341
1343
1345
1347
1351
1363
1365
1366
1370
1371
1372
1375
1376
1378
1379
1386
1389
1390
1391
1394
1395
1403
1405
1408
1418
1419
1426
1428
1431
1438
1440
1442
1444
1446
1453
1462
1464
1466
1468
1471
1474
1475
1477
1478
1482
1483
1484
1489
1490
1491
1492
1496
1499
1500
1507
1510
1511
1517
1518
1524
1525
1527
1528
1530
1532
1533
1534
1535
1536
1539
1542
1543
1546
1547
1548
1552
1554
1558
1565
1571
1575
1580
1583
1587
1591
1593
1594
1595
1597
1600
1604
1617
1618
1619
1623
1624
1626
1627
1628
1632
1633
1639
1644
1648
1650
1652
1657
1659
1661
1669
1674
1676
1679
1680
1681
1682
1683
1684
1688
1691
1692
1696
1698
1699
1703
1708
1713
1714
1720
1722
1726
1729
1732
1734
1735
1739
1742
1744
1748
1750
1756
1757
1758
1760
1761
1764
1766
1772
1778
1786
1791
1794
1796
1798
1803
1804
1806
1807
1809
1815
1817
1822
1824
1826
1828
1832
1833
1834
1838
1839
1844
1847
1849
1851
1853
1854
1855
1858
1859
1860
1861
1862
1864
1869
1870
1874
1880
1888
1894
1899
1902
1903
1908
1911
1913
1916
1917
1921
1922
1923
1930
1931
1932
1933
1935
1941
1945
1946
1947
1948
1949
1953
1954
1956
1957
1959
1960
1966
1968
1982
1991
1992
1994
2003
2009
2011
2017
2024
2026
2027
2029
2035
2040
2043
2046
2050
2052
2054
2065
2066
2068
2074
2077
2079
2080
2081
2082
2083
2086
2087
2092
2093
2094
2095
2103
2104
2109
2112
2120
2121
2128
2132
2137
2140
2145
2146
2148
2149
2160
2163
2164
2166
2167
2172
2174
2176
2179
2180
2181
2184
2186
2189
2204
2205
2207
2213
2214
2218
2219
2225
2228
2230
2232
2236
2239
2240
2243
2249
2251
2252
2254
2255
2263
2265
2271
2274
2277
2278
2279
2283
2284
2286
2288
2292
2296
2299
2302
2303
2304
2305
2306
2309
2310
2311
2313
2314
2315
2318
2322
2324
2325
2328
2329
2332
2335
2341
2348
2349
2350
2351
2352
2354
2357
2358
2360
2362
2365
2366
2367
2368
2369
2370
2375
2380
2385
2386
2388
2389
2392
2396
2398
2399
2403
2413
2416
2418
2419
